1 300
560664
317937
585428
371483
396116
824620
10307
338701
513177
184866
76525
405819
590760
659356
151665
684901
877982
177887
976123
353592
447968
334928
912546
385414
134789
849901
225889
441030
766039
944655
683739
958568
595281
194744
986685
689644
891682
727475
887092
784345
298773
515548
465058
310997
702250
25348
309663
923030
853722
883772
712508
333264
682305
254846
55577
964856
477279
378341
587171
20765
708741
52426
1006447
53277
326418
757877
396408
119919
721591
466232
793401
169058
160887
1029957
637309
896993
420329
515610
208051
292745
662500
15209
550764
115369
164804
901312
491584
827939
938485
944011
534296
858199
901365
493051
58
240595
689622
1019405
302329
509313
570178
327505
371792
111852
979636
42227
27320
748018
312549
599775
930780
686359
570843
870219
120268
153542
938085
27550
375436
91342
85941
257130
193056
318215
835754
411623
331057
605591
801821
459182
404955
936710
1001449
775267
160275
344066
299448
919957
603521
863843
792650
852404
179546
262853
450404
323712
207673
64083
163371
217606
682639
780075
350282
619031
196616
474046
662074
336655
251068
991493
903917
519625
912675
320256
961645
932431
156541
990084
535121
243847
730192
389630
572188
551260
82845
946343
584995
993176
703075
572085
262697
781500
435950
428871
988342
312654
67587
589233
861229
755468
558909
911877
562193
553273
981076
1018123
883504
611664
257704
341264
347461
317815
322625
640876
608294
257810
808588
65961
453924
834139
475100
490000
450974
242634
379885
710635
1002577
54013
144142
373411
441934
546134
677323
198782
33521
988508
927932
186144
364778
25891
887630
634393
773840
374689
810792
568519
634134
1020089
641242
590814
917912
165128
12728
435460
628558
396696
777117
306468
896237
378566
7845
930271
947573
650653
487504
624642
842636
222102
469117
218803
975264
1006312
653868
731439
193617
75116
637441
404456
787804
115836
523565
138821
398238
576217
570597
705773
704998
114942
367320
830997
802069
279829
422070
950531
393511
556202
347138
227693
972055
180018
292090
705535
297409
205894
359215
111883
852594
473807
962523
1032190
